Time 0
Waiting clients: (24, 2, 2) (49, 2, 7) (44, 3, 5) (20, 4, 2) (15, 5, 5) (19, 7, 5) (35, 7, 3) (46, 7, 3) (33, 9, 3) (34, 9, 5) (10, 12, 1) (22, 12, 4) (13, 13, 5) (1, 14, 7) (3, 14, 6) (17, 14, 4) (26, 14, 4) (21, 15, 3) (25, 16, 5) (41, 17, 6) (2, 18, 3) (9, 19, 7) (4, 20, 5) (37, 21, 3) (12, 22, 6) (42, 22, 7) (45, 22, 6) (7, 24, 2) (23, 24, 2) (27, 24, 2) (30, 25, 4) (6, 26, 5) (39, 26, 7) (29, 27, 1) (18, 30, 5) (36, 30, 3) (32, 31, 4) (16, 32, 5) (11, 34, 2) (14, 34, 2) (31, 34, 6) (40, 34, 6) (38, 35, 3) (8, 36, 3) (28, 36, 7) (50, 37, 3) (5, 39, 4) (47, 39, 6) (43, 40, 2) (48, 40, 3) 
Queue 1: closed
Queue 2: closed
Queue 3: closed
Queue 4: closed
Queue 5: closed
--------------------------------------------------
Time 1
Waiting clients: (24, 2, 2) (49, 2, 7) (44, 3, 5) (20, 4, 2) (15, 5, 5) (19, 7, 5) (35, 7, 3) (46, 7, 3) (33, 9, 3) (34, 9, 5) (10, 12, 1) (22, 12, 4) (13, 13, 5) (1, 14, 7) (3, 14, 6) (17, 14, 4) (26, 14, 4) (21, 15, 3) (25, 16, 5) (41, 17, 6) (2, 18, 3) (9, 19, 7) (4, 20, 5) (37, 21, 3) (12, 22, 6) (42, 22, 7) (45, 22, 6) (7, 24, 2) (23, 24, 2) (27, 24, 2) (30, 25, 4) (6, 26, 5) (39, 26, 7) (29, 27, 1) (18, 30, 5) (36, 30, 3) (32, 31, 4) (16, 32, 5) (11, 34, 2) (14, 34, 2) (31, 34, 6) (40, 34, 6) (38, 35, 3) (8, 36, 3) (28, 36, 7) (50, 37, 3) (5, 39, 4) (47, 39, 6) (43, 40, 2) (48, 40, 3) 
Queue 1: closed
Queue 2: closed
Queue 3: closed
Queue 4: closed
Queue 5: closed
--------------------------------------------------
Time 2
Waiting clients: (44, 3, 5) (20, 4, 2) (15, 5, 5) (19, 7, 5) (35, 7, 3) (46, 7, 3) (33, 9, 3) (34, 9, 5) (10, 12, 1) (22, 12, 4) (13, 13, 5) (1, 14, 7) (3, 14, 6) (17, 14, 4) (26, 14, 4) (21, 15, 3) (25, 16, 5) (41, 17, 6) (2, 18, 3) (9, 19, 7) (4, 20, 5) (37, 21, 3) (12, 22, 6) (42, 22, 7) (45, 22, 6) (7, 24, 2) (23, 24, 2) (27, 24, 2) (30, 25, 4) (6, 26, 5) (39, 26, 7) (29, 27, 1) (18, 30, 5) (36, 30, 3) (32, 31, 4) (16, 32, 5) (11, 34, 2) (14, 34, 2) (31, 34, 6) (40, 34, 6) (38, 35, 3) (8, 36, 3) (28, 36, 7) (50, 37, 3) (5, 39, 4) (47, 39, 6) (43, 40, 2) (48, 40, 3) 
Queue 1: (24, 2, 2) 
Queue 2: (49, 2, 7) 
Queue 3: closed
Queue 4: closed
Queue 5: closed
--------------------------------------------------
Time 3
Waiting clients: (20, 4, 2) (15, 5, 5) (19, 7, 5) (35, 7, 3) (46, 7, 3) (33, 9, 3) (34, 9, 5) (10, 12, 1) (22, 12, 4) (13, 13, 5) (1, 14, 7) (3, 14, 6) (17, 14, 4) (26, 14, 4) (21, 15, 3) (25, 16, 5) (41, 17, 6) (2, 18, 3) (9, 19, 7) (4, 20, 5) (37, 21, 3) (12, 22, 6) (42, 22, 7) (45, 22, 6) (7, 24, 2) (23, 24, 2) (27, 24, 2) (30, 25, 4) (6, 26, 5) (39, 26, 7) (29, 27, 1) (18, 30, 5) (36, 30, 3) (32, 31, 4) (16, 32, 5) (11, 34, 2) (14, 34, 2) (31, 34, 6) (40, 34, 6) (38, 35, 3) (8, 36, 3) (28, 36, 7) (50, 37, 3) (5, 39, 4) (47, 39, 6) (43, 40, 2) (48, 40, 3) 
Queue 1: (24, 2, 2) 
Queue 2: (49, 2, 6) 
Queue 3: (44, 3, 5) 
Queue 4: closed
Queue 5: closed
--------------------------------------------------
Time 4
Waiting clients: (15, 5, 5) (19, 7, 5) (35, 7, 3) (46, 7, 3) (33, 9, 3) (34, 9, 5) (10, 12, 1) (22, 12, 4) (13, 13, 5) (1, 14, 7) (3, 14, 6) (17, 14, 4) (26, 14, 4) (21, 15, 3) (25, 16, 5) (41, 17, 6) (2, 18, 3) (9, 19, 7) (4, 20, 5) (37, 21, 3) (12, 22, 6) (42, 22, 7) (45, 22, 6) (7, 24, 2) (23, 24, 2) (27, 24, 2) (30, 25, 4) (6, 26, 5) (39, 26, 7) (29, 27, 1) (18, 30, 5) (36, 30, 3) (32, 31, 4) (16, 32, 5) (11, 34, 2) (14, 34, 2) (31, 34, 6) (40, 34, 6) (38, 35, 3) (8, 36, 3) (28, 36, 7) (50, 37, 3) (5, 39, 4) (47, 39, 6) (43, 40, 2) (48, 40, 3) 
Queue 1: (24, 2, 1) 
Queue 2: (49, 2, 5) 
Queue 3: (44, 3, 4) 
Queue 4: (20, 4, 2) 
Queue 5: closed
--------------------------------------------------
Time 5
Waiting clients: (19, 7, 5) (35, 7, 3) (46, 7, 3) (33, 9, 3) (34, 9, 5) (10, 12, 1) (22, 12, 4) (13, 13, 5) (1, 14, 7) (3, 14, 6) (17, 14, 4) (26, 14, 4) (21, 15, 3) (25, 16, 5) (41, 17, 6) (2, 18, 3) (9, 19, 7) (4, 20, 5) (37, 21, 3) (12, 22, 6) (42, 22, 7) (45, 22, 6) (7, 24, 2) (23, 24, 2) (27, 24, 2) (30, 25, 4) (6, 26, 5) (39, 26, 7) (29, 27, 1) (18, 30, 5) (36, 30, 3) (32, 31, 4) (16, 32, 5) (11, 34, 2) (14, 34, 2) (31, 34, 6) (40, 34, 6) (38, 35, 3) (8, 36, 3) (28, 36, 7) (50, 37, 3) (5, 39, 4) (47, 39, 6) (43, 40, 2) (48, 40, 3) 
Queue 1: (15, 5, 5) 
Queue 2: (49, 2, 4) 
Queue 3: (44, 3, 3) 
Queue 4: (20, 4, 2) 
Queue 5: closed
--------------------------------------------------
Time 6
Waiting clients: (19, 7, 5) (35, 7, 3) (46, 7, 3) (33, 9, 3) (34, 9, 5) (10, 12, 1) (22, 12, 4) (13, 13, 5) (1, 14, 7) (3, 14, 6) (17, 14, 4) (26, 14, 4) (21, 15, 3) (25, 16, 5) (41, 17, 6) (2, 18, 3) (9, 19, 7) (4, 20, 5) (37, 21, 3) (12, 22, 6) (42, 22, 7) (45, 22, 6) (7, 24, 2) (23, 24, 2) (27, 24, 2) (30, 25, 4) (6, 26, 5) (39, 26, 7) (29, 27, 1) (18, 30, 5) (36, 30, 3) (32, 31, 4) (16, 32, 5) (11, 34, 2) (14, 34, 2) (31, 34, 6) (40, 34, 6) (38, 35, 3) (8, 36, 3) (28, 36, 7) (50, 37, 3) (5, 39, 4) (47, 39, 6) (43, 40, 2) (48, 40, 3) 
Queue 1: (15, 5, 5) 
Queue 2: (49, 2, 3) 
Queue 3: (44, 3, 2) 
Queue 4: (20, 4, 1) 
Queue 5: closed
--------------------------------------------------
Time 7
Waiting clients: (33, 9, 3) (34, 9, 5) (10, 12, 1) (22, 12, 4) (13, 13, 5) (1, 14, 7) (3, 14, 6) (17, 14, 4) (26, 14, 4) (21, 15, 3) (25, 16, 5) (41, 17, 6) (2, 18, 3) (9, 19, 7) (4, 20, 5) (37, 21, 3) (12, 22, 6) (42, 22, 7) (45, 22, 6) (7, 24, 2) (23, 24, 2) (27, 24, 2) (30, 25, 4) (6, 26, 5) (39, 26, 7) (29, 27, 1) (18, 30, 5) (36, 30, 3) (32, 31, 4) (16, 32, 5) (11, 34, 2) (14, 34, 2) (31, 34, 6) (40, 34, 6) (38, 35, 3) (8, 36, 3) (28, 36, 7) (50, 37, 3) (5, 39, 4) (47, 39, 6) (43, 40, 2) (48, 40, 3) 
Queue 1: (15, 5, 4) 
Queue 2: (49, 2, 2) 
Queue 3: (44, 3, 1) (46, 7, 3) 
Queue 4: (19, 7, 5) 
Queue 5: (35, 7, 3) 
--------------------------------------------------
Time 8
Waiting clients: (33, 9, 3) (34, 9, 5) (10, 12, 1) (22, 12, 4) (13, 13, 5) (1, 14, 7) (3, 14, 6) (17, 14, 4) (26, 14, 4) (21, 15, 3) (25, 16, 5) (41, 17, 6) (2, 18, 3) (9, 19, 7) (4, 20, 5) (37, 21, 3) (12, 22, 6) (42, 22, 7) (45, 22, 6) (7, 24, 2) (23, 24, 2) (27, 24, 2) (30, 25, 4) (6, 26, 5) (39, 26, 7) (29, 27, 1) (18, 30, 5) (36, 30, 3) (32, 31, 4) (16, 32, 5) (11, 34, 2) (14, 34, 2) (31, 34, 6) (40, 34, 6) (38, 35, 3) (8, 36, 3) (28, 36, 7) (50, 37, 3) (5, 39, 4) (47, 39, 6) (43, 40, 2) (48, 40, 3) 
Queue 1: (15, 5, 3) 
Queue 2: (49, 2, 1) 
Queue 3: (46, 7, 3) 
Queue 4: (19, 7, 5) 
Queue 5: (35, 7, 3) 
--------------------------------------------------
Time 9
Waiting clients: (10, 12, 1) (22, 12, 4) (13, 13, 5) (1, 14, 7) (3, 14, 6) (17, 14, 4) (26, 14, 4) (21, 15, 3) (25, 16, 5) (41, 17, 6) (2, 18, 3) (9, 19, 7) (4, 20, 5) (37, 21, 3) (12, 22, 6) (42, 22, 7) (45, 22, 6) (7, 24, 2) (23, 24, 2) (27, 24, 2) (30, 25, 4) (6, 26, 5) (39, 26, 7) (29, 27, 1) (18, 30, 5) (36, 30, 3) (32, 31, 4) (16, 32, 5) (11, 34, 2) (14, 34, 2) (31, 34, 6) (40, 34, 6) (38, 35, 3) (8, 36, 3) (28, 36, 7) (50, 37, 3) (5, 39, 4) (47, 39, 6) (43, 40, 2) (48, 40, 3) 
Queue 1: (15, 5, 2) (34, 9, 5) 
Queue 2: (33, 9, 3) 
Queue 3: (46, 7, 2) 
Queue 4: (19, 7, 4) 
Queue 5: (35, 7, 2) 
--------------------------------------------------
Time 10
Waiting clients: (10, 12, 1) (22, 12, 4) (13, 13, 5) (1, 14, 7) (3, 14, 6) (17, 14, 4) (26, 14, 4) (21, 15, 3) (25, 16, 5) (41, 17, 6) (2, 18, 3) (9, 19, 7) (4, 20, 5) (37, 21, 3) (12, 22, 6) (42, 22, 7) (45, 22, 6) (7, 24, 2) (23, 24, 2) (27, 24, 2) (30, 25, 4) (6, 26, 5) (39, 26, 7) (29, 27, 1) (18, 30, 5) (36, 30, 3) (32, 31, 4) (16, 32, 5) (11, 34, 2) (14, 34, 2) (31, 34, 6) (40, 34, 6) (38, 35, 3) (8, 36, 3) (28, 36, 7) (50, 37, 3) (5, 39, 4) (47, 39, 6) (43, 40, 2) (48, 40, 3) 
Queue 1: (15, 5, 1) (34, 9, 5) 
Queue 2: (33, 9, 3) 
Queue 3: (46, 7, 1) 
Queue 4: (19, 7, 3) 
Queue 5: (35, 7, 1) 
--------------------------------------------------
Time 11
Waiting clients: (10, 12, 1) (22, 12, 4) (13, 13, 5) (1, 14, 7) (3, 14, 6) (17, 14, 4) (26, 14, 4) (21, 15, 3) (25, 16, 5) (41, 17, 6) (2, 18, 3) (9, 19, 7) (4, 20, 5) (37, 21, 3) (12, 22, 6) (42, 22, 7) (45, 22, 6) (7, 24, 2) (23, 24, 2) (27, 24, 2) (30, 25, 4) (6, 26, 5) (39, 26, 7) (29, 27, 1) (18, 30, 5) (36, 30, 3) (32, 31, 4) (16, 32, 5) (11, 34, 2) (14, 34, 2) (31, 34, 6) (40, 34, 6) (38, 35, 3) (8, 36, 3) (28, 36, 7) (50, 37, 3) (5, 39, 4) (47, 39, 6) (43, 40, 2) (48, 40, 3) 
Queue 1: (34, 9, 5) 
Queue 2: (33, 9, 2) 
Queue 3: closed
Queue 4: (19, 7, 2) 
Queue 5: closed
--------------------------------------------------
Time 12
Waiting clients: (13, 13, 5) (1, 14, 7) (3, 14, 6) (17, 14, 4) (26, 14, 4) (21, 15, 3) (25, 16, 5) (41, 17, 6) (2, 18, 3) (9, 19, 7) (4, 20, 5) (37, 21, 3) (12, 22, 6) (42, 22, 7) (45, 22, 6) (7, 24, 2) (23, 24, 2) (27, 24, 2) (30, 25, 4) (6, 26, 5) (39, 26, 7) (29, 27, 1) (18, 30, 5) (36, 30, 3) (32, 31, 4) (16, 32, 5) (11, 34, 2) (14, 34, 2) (31, 34, 6) (40, 34, 6) (38, 35, 3) (8, 36, 3) (28, 36, 7) (50, 37, 3) (5, 39, 4) (47, 39, 6) (43, 40, 2) (48, 40, 3) 
Queue 1: (34, 9, 4) 
Queue 2: (33, 9, 1) 
Queue 3: (10, 12, 1) 
Queue 4: (19, 7, 1) 
Queue 5: (22, 12, 4) 
--------------------------------------------------
Time 13
Waiting clients: (1, 14, 7) (3, 14, 6) (17, 14, 4) (26, 14, 4) (21, 15, 3) (25, 16, 5) (41, 17, 6) (2, 18, 3) (9, 19, 7) (4, 20, 5) (37, 21, 3) (12, 22, 6) (42, 22, 7) (45, 22, 6) (7, 24, 2) (23, 24, 2) (27, 24, 2) (30, 25, 4) (6, 26, 5) (39, 26, 7) (29, 27, 1) (18, 30, 5) (36, 30, 3) (32, 31, 4) (16, 32, 5) (11, 34, 2) (14, 34, 2) (31, 34, 6) (40, 34, 6) (38, 35, 3) (8, 36, 3) (28, 36, 7) (50, 37, 3) (5, 39, 4) (47, 39, 6) (43, 40, 2) (48, 40, 3) 
Queue 1: (34, 9, 3) 
Queue 2: (13, 13, 5) 
Queue 3: (10, 12, 1) 
Queue 4: closed
Queue 5: (22, 12, 4) 
--------------------------------------------------
Time 14
Waiting clients: (21, 15, 3) (25, 16, 5) (41, 17, 6) (2, 18, 3) (9, 19, 7) (4, 20, 5) (37, 21, 3) (12, 22, 6) (42, 22, 7) (45, 22, 6) (7, 24, 2) (23, 24, 2) (27, 24, 2) (30, 25, 4) (6, 26, 5) (39, 26, 7) (29, 27, 1) (18, 30, 5) (36, 30, 3) (32, 31, 4) (16, 32, 5) (11, 34, 2) (14, 34, 2) (31, 34, 6) (40, 34, 6) (38, 35, 3) (8, 36, 3) (28, 36, 7) (50, 37, 3) (5, 39, 4) (47, 39, 6) (43, 40, 2) (48, 40, 3) 
Queue 1: (34, 9, 2) (17, 14, 4) 
Queue 2: (13, 13, 5) 
Queue 3: (1, 14, 7) 
Queue 4: (3, 14, 6) 
Queue 5: (22, 12, 3) (26, 14, 4) 
--------------------------------------------------
Time 15
Waiting clients: (25, 16, 5) (41, 17, 6) (2, 18, 3) (9, 19, 7) (4, 20, 5) (37, 21, 3) (12, 22, 6) (42, 22, 7) (45, 22, 6) (7, 24, 2) (23, 24, 2) (27, 24, 2) (30, 25, 4) (6, 26, 5) (39, 26, 7) (29, 27, 1) (18, 30, 5) (36, 30, 3) (32, 31, 4) (16, 32, 5) (11, 34, 2) (14, 34, 2) (31, 34, 6) (40, 34, 6) (38, 35, 3) (8, 36, 3) (28, 36, 7) (50, 37, 3) (5, 39, 4) (47, 39, 6) (43, 40, 2) (48, 40, 3) 
Queue 1: (34, 9, 1) (17, 14, 4) 
Queue 2: (13, 13, 4) (21, 15, 3) 
Queue 3: (1, 14, 7) 
Queue 4: (3, 14, 6) 
Queue 5: (22, 12, 2) (26, 14, 4) 
--------------------------------------------------
Time 16
Waiting clients: (41, 17, 6) (2, 18, 3) (9, 19, 7) (4, 20, 5) (37, 21, 3) (12, 22, 6) (42, 22, 7) (45, 22, 6) (7, 24, 2) (23, 24, 2) (27, 24, 2) (30, 25, 4) (6, 26, 5) (39, 26, 7) (29, 27, 1) (18, 30, 5) (36, 30, 3) (32, 31, 4) (16, 32, 5) (11, 34, 2) (14, 34, 2) (31, 34, 6) (40, 34, 6) (38, 35, 3) (8, 36, 3) (28, 36, 7) (50, 37, 3) (5, 39, 4) (47, 39, 6) (43, 40, 2) (48, 40, 3) 
Queue 1: (17, 14, 4) (25, 16, 5) 
Queue 2: (13, 13, 3) (21, 15, 3) 
Queue 3: (1, 14, 6) 
Queue 4: (3, 14, 5) 
Queue 5: (22, 12, 1) (26, 14, 4) 
--------------------------------------------------
Time 17
Waiting clients: (2, 18, 3) (9, 19, 7) (4, 20, 5) (37, 21, 3) (12, 22, 6) (42, 22, 7) (45, 22, 6) (7, 24, 2) (23, 24, 2) (27, 24, 2) (30, 25, 4) (6, 26, 5) (39, 26, 7) (29, 27, 1) (18, 30, 5) (36, 30, 3) (32, 31, 4) (16, 32, 5) (11, 34, 2) (14, 34, 2) (31, 34, 6) (40, 34, 6) (38, 35, 3) (8, 36, 3) (28, 36, 7) (50, 37, 3) (5, 39, 4) (47, 39, 6) (43, 40, 2) (48, 40, 3) 
Queue 1: (17, 14, 3) (25, 16, 5) 
Queue 2: (13, 13, 2) (21, 15, 3) 
Queue 3: (1, 14, 5) 
Queue 4: (3, 14, 4) (41, 17, 6) 
Queue 5: (26, 14, 4) 
--------------------------------------------------
Time 18
Waiting clients: (9, 19, 7) (4, 20, 5) (37, 21, 3) (12, 22, 6) (42, 22, 7) (45, 22, 6) (7, 24, 2) (23, 24, 2) (27, 24, 2) (30, 25, 4) (6, 26, 5) (39, 26, 7) (29, 27, 1) (18, 30, 5) (36, 30, 3) (32, 31, 4) (16, 32, 5) (11, 34, 2) (14, 34, 2) (31, 34, 6) (40, 34, 6) (38, 35, 3) (8, 36, 3) (28, 36, 7) (50, 37, 3) (5, 39, 4) (47, 39, 6) (43, 40, 2) (48, 40, 3) 
Queue 1: (17, 14, 2) (25, 16, 5) 
Queue 2: (13, 13, 1) (21, 15, 3) 
Queue 3: (1, 14, 4) 
Queue 4: (3, 14, 3) (41, 17, 6) 
Queue 5: (26, 14, 3) (2, 18, 3) 
--------------------------------------------------
Time 19
Waiting clients: (4, 20, 5) (37, 21, 3) (12, 22, 6) (42, 22, 7) (45, 22, 6) (7, 24, 2) (23, 24, 2) (27, 24, 2) (30, 25, 4) (6, 26, 5) (39, 26, 7) (29, 27, 1) (18, 30, 5) (36, 30, 3) (32, 31, 4) (16, 32, 5) (11, 34, 2) (14, 34, 2) (31, 34, 6) (40, 34, 6) (38, 35, 3) (8, 36, 3) (28, 36, 7) (50, 37, 3) (5, 39, 4) (47, 39, 6) (43, 40, 2) (48, 40, 3) 
Queue 1: (17, 14, 1) (25, 16, 5) 
Queue 2: (21, 15, 3) (9, 19, 7) 
Queue 3: (1, 14, 3) 
Queue 4: (3, 14, 2) (41, 17, 6) 
Queue 5: (26, 14, 2) (2, 18, 3) 
--------------------------------------------------
Time 20
Waiting clients: (37, 21, 3) (12, 22, 6) (42, 22, 7) (45, 22, 6) (7, 24, 2) (23, 24, 2) (27, 24, 2) (30, 25, 4) (6, 26, 5) (39, 26, 7) (29, 27, 1) (18, 30, 5) (36, 30, 3) (32, 31, 4) (16, 32, 5) (11, 34, 2) (14, 34, 2) (31, 34, 6) (40, 34, 6) (38, 35, 3) (8, 36, 3) (28, 36, 7) (50, 37, 3) (5, 39, 4) (47, 39, 6) (43, 40, 2) (48, 40, 3) 
Queue 1: (25, 16, 5) 
Queue 2: (21, 15, 2) (9, 19, 7) 
Queue 3: (1, 14, 2) (4, 20, 5) 
Queue 4: (3, 14, 1) (41, 17, 6) 
Queue 5: (26, 14, 1) (2, 18, 3) 
--------------------------------------------------
Time 21
Waiting clients: (12, 22, 6) (42, 22, 7) (45, 22, 6) (7, 24, 2) (23, 24, 2) (27, 24, 2) (30, 25, 4) (6, 26, 5) (39, 26, 7) (29, 27, 1) (18, 30, 5) (36, 30, 3) (32, 31, 4) (16, 32, 5) (11, 34, 2) (14, 34, 2) (31, 34, 6) (40, 34, 6) (38, 35, 3) (8, 36, 3) (28, 36, 7) (50, 37, 3) (5, 39, 4) (47, 39, 6) (43, 40, 2) (48, 40, 3) 
Queue 1: (25, 16, 4) 
Queue 2: (21, 15, 1) (9, 19, 7) 
Queue 3: (1, 14, 1) (4, 20, 5) 
Queue 4: (41, 17, 6) 
Queue 5: (2, 18, 3) (37, 21, 3) 
--------------------------------------------------
Time 22
Waiting clients: (7, 24, 2) (23, 24, 2) (27, 24, 2) (30, 25, 4) (6, 26, 5) (39, 26, 7) (29, 27, 1) (18, 30, 5) (36, 30, 3) (32, 31, 4) (16, 32, 5) (11, 34, 2) (14, 34, 2) (31, 34, 6) (40, 34, 6) (38, 35, 3) (8, 36, 3) (28, 36, 7) (50, 37, 3) (5, 39, 4) (47, 39, 6) (43, 40, 2) (48, 40, 3) 
Queue 1: (25, 16, 3) (12, 22, 6) 
Queue 2: (9, 19, 7) 
Queue 3: (4, 20, 5) (42, 22, 7) 
Queue 4: (41, 17, 5) (45, 22, 6) 
Queue 5: (2, 18, 2) (37, 21, 3) 
--------------------------------------------------
Time 23
Waiting clients: (7, 24, 2) (23, 24, 2) (27, 24, 2) (30, 25, 4) (6, 26, 5) (39, 26, 7) (29, 27, 1) (18, 30, 5) (36, 30, 3) (32, 31, 4) (16, 32, 5) (11, 34, 2) (14, 34, 2) (31, 34, 6) (40, 34, 6) (38, 35, 3) (8, 36, 3) (28, 36, 7) (50, 37, 3) (5, 39, 4) (47, 39, 6) (43, 40, 2) (48, 40, 3) 
Queue 1: (25, 16, 2) (12, 22, 6) 
Queue 2: (9, 19, 6) 
Queue 3: (4, 20, 4) (42, 22, 7) 
Queue 4: (41, 17, 4) (45, 22, 6) 
Queue 5: (2, 18, 1) (37, 21, 3) 
--------------------------------------------------
Time 24
Waiting clients: (30, 25, 4) (6, 26, 5) (39, 26, 7) (29, 27, 1) (18, 30, 5) (36, 30, 3) (32, 31, 4) (16, 32, 5) (11, 34, 2) (14, 34, 2) (31, 34, 6) (40, 34, 6) (38, 35, 3) (8, 36, 3) (28, 36, 7) (50, 37, 3) (5, 39, 4) (47, 39, 6) (43, 40, 2) (48, 40, 3) 
Queue 1: (25, 16, 1) (12, 22, 6) 
Queue 2: (9, 19, 5) (23, 24, 2) 
Queue 3: (4, 20, 3) (42, 22, 7) 
Queue 4: (41, 17, 3) (45, 22, 6) 
Queue 5: (37, 21, 3) (7, 24, 2) (27, 24, 2) 
--------------------------------------------------
Time 25
Waiting clients: (6, 26, 5) (39, 26, 7) (29, 27, 1) (18, 30, 5) (36, 30, 3) (32, 31, 4) (16, 32, 5) (11, 34, 2) (14, 34, 2) (31, 34, 6) (40, 34, 6) (38, 35, 3) (8, 36, 3) (28, 36, 7) (50, 37, 3) (5, 39, 4) (47, 39, 6) (43, 40, 2) (48, 40, 3) 
Queue 1: (12, 22, 6) (30, 25, 4) 
Queue 2: (9, 19, 4) (23, 24, 2) 
Queue 3: (4, 20, 2) (42, 22, 7) 
Queue 4: (41, 17, 2) (45, 22, 6) 
Queue 5: (37, 21, 2) (7, 24, 2) (27, 24, 2) 
--------------------------------------------------
Time 26
Waiting clients: (29, 27, 1) (18, 30, 5) (36, 30, 3) (32, 31, 4) (16, 32, 5) (11, 34, 2) (14, 34, 2) (31, 34, 6) (40, 34, 6) (38, 35, 3) (8, 36, 3) (28, 36, 7) (50, 37, 3) (5, 39, 4) (47, 39, 6) (43, 40, 2) (48, 40, 3) 
Queue 1: (12, 22, 5) (30, 25, 4) 
Queue 2: (9, 19, 3) (23, 24, 2) (6, 26, 5) 
Queue 3: (4, 20, 1) (42, 22, 7) 
Queue 4: (41, 17, 1) (45, 22, 6) 
Queue 5: (37, 21, 1) (7, 24, 2) (27, 24, 2) (39, 26, 7) 
--------------------------------------------------
Time 27
Waiting clients: (18, 30, 5) (36, 30, 3) (32, 31, 4) (16, 32, 5) (11, 34, 2) (14, 34, 2) (31, 34, 6) (40, 34, 6) (38, 35, 3) (8, 36, 3) (28, 36, 7) (50, 37, 3) (5, 39, 4) (47, 39, 6) (43, 40, 2) (48, 40, 3) 
Queue 1: (12, 22, 4) (30, 25, 4) 
Queue 2: (9, 19, 2) (23, 24, 2) (6, 26, 5) 
Queue 3: (42, 22, 7) 
Queue 4: (45, 22, 6) (29, 27, 1) 
Queue 5: (7, 24, 2) (27, 24, 2) (39, 26, 7) 
--------------------------------------------------
Time 28
Waiting clients: (18, 30, 5) (36, 30, 3) (32, 31, 4) (16, 32, 5) (11, 34, 2) (14, 34, 2) (31, 34, 6) (40, 34, 6) (38, 35, 3) (8, 36, 3) (28, 36, 7) (50, 37, 3) (5, 39, 4) (47, 39, 6) (43, 40, 2) (48, 40, 3) 
Queue 1: (12, 22, 3) (30, 25, 4) 
Queue 2: (9, 19, 1) (23, 24, 2) (6, 26, 5) 
Queue 3: (42, 22, 6) 
Queue 4: (45, 22, 5) (29, 27, 1) 
Queue 5: (7, 24, 1) (27, 24, 2) (39, 26, 7) 
--------------------------------------------------
Time 29
Waiting clients: (18, 30, 5) (36, 30, 3) (32, 31, 4) (16, 32, 5) (11, 34, 2) (14, 34, 2) (31, 34, 6) (40, 34, 6) (38, 35, 3) (8, 36, 3) (28, 36, 7) (50, 37, 3) (5, 39, 4) (47, 39, 6) (43, 40, 2) (48, 40, 3) 
Queue 1: (12, 22, 2) (30, 25, 4) 
Queue 2: (23, 24, 2) (6, 26, 5) 
Queue 3: (42, 22, 5) 
Queue 4: (45, 22, 4) (29, 27, 1) 
Queue 5: (27, 24, 2) (39, 26, 7) 
--------------------------------------------------
Time 30
Waiting clients: (32, 31, 4) (16, 32, 5) (11, 34, 2) (14, 34, 2) (31, 34, 6) (40, 34, 6) (38, 35, 3) (8, 36, 3) (28, 36, 7) (50, 37, 3) (5, 39, 4) (47, 39, 6) (43, 40, 2) (48, 40, 3) 
Queue 1: (12, 22, 1) (30, 25, 4) 
Queue 2: (23, 24, 1) (6, 26, 5) 
Queue 3: (42, 22, 4) (18, 30, 5) 
Queue 4: (45, 22, 3) (29, 27, 1) (36, 30, 3) 
Queue 5: (27, 24, 1) (39, 26, 7) 
--------------------------------------------------
Time 31
Waiting clients: (16, 32, 5) (11, 34, 2) (14, 34, 2) (31, 34, 6) (40, 34, 6) (38, 35, 3) (8, 36, 3) (28, 36, 7) (50, 37, 3) (5, 39, 4) (47, 39, 6) (43, 40, 2) (48, 40, 3) 
Queue 1: (30, 25, 4) (32, 31, 4) 
Queue 2: (6, 26, 5) 
Queue 3: (42, 22, 3) (18, 30, 5) 
Queue 4: (45, 22, 2) (29, 27, 1) (36, 30, 3) 
Queue 5: (39, 26, 7) 
--------------------------------------------------
Time 32
Waiting clients: (11, 34, 2) (14, 34, 2) (31, 34, 6) (40, 34, 6) (38, 35, 3) (8, 36, 3) (28, 36, 7) (50, 37, 3) (5, 39, 4) (47, 39, 6) (43, 40, 2) (48, 40, 3) 
Queue 1: (30, 25, 3) (32, 31, 4) 
Queue 2: (6, 26, 4) (16, 32, 5) 
Queue 3: (42, 22, 2) (18, 30, 5) 
Queue 4: (45, 22, 1) (29, 27, 1) (36, 30, 3) 
Queue 5: (39, 26, 6) 
--------------------------------------------------
Time 33
Waiting clients: (11, 34, 2) (14, 34, 2) (31, 34, 6) (40, 34, 6) (38, 35, 3) (8, 36, 3) (28, 36, 7) (50, 37, 3) (5, 39, 4) (47, 39, 6) (43, 40, 2) (48, 40, 3) 
Queue 1: (30, 25, 2) (32, 31, 4) 
Queue 2: (6, 26, 3) (16, 32, 5) 
Queue 3: (42, 22, 1) (18, 30, 5) 
Queue 4: (29, 27, 1) (36, 30, 3) 
Queue 5: (39, 26, 5) 
--------------------------------------------------
Time 34
Waiting clients: (38, 35, 3) (8, 36, 3) (28, 36, 7) (50, 37, 3) (5, 39, 4) (47, 39, 6) (43, 40, 2) (48, 40, 3) 
Queue 1: (30, 25, 1) (32, 31, 4) (31, 34, 6) 
Queue 2: (6, 26, 2) (16, 32, 5) 
Queue 3: (18, 30, 5) (40, 34, 6) 
Queue 4: (36, 30, 3) (11, 34, 2) 
Queue 5: (39, 26, 4) (14, 34, 2) 
--------------------------------------------------
Time 35
Waiting clients: (8, 36, 3) (28, 36, 7) (50, 37, 3) (5, 39, 4) (47, 39, 6) (43, 40, 2) (48, 40, 3) 
Queue 1: (32, 31, 4) (31, 34, 6) 
Queue 2: (6, 26, 1) (16, 32, 5) 
Queue 3: (18, 30, 4) (40, 34, 6) 
Queue 4: (36, 30, 2) (11, 34, 2) (38, 35, 3) 
Queue 5: (39, 26, 3) (14, 34, 2) 
--------------------------------------------------
Time 36
Waiting clients: (50, 37, 3) (5, 39, 4) (47, 39, 6) (43, 40, 2) (48, 40, 3) 
Queue 1: (32, 31, 3) (31, 34, 6) 
Queue 2: (16, 32, 5) (28, 36, 7) 
Queue 3: (18, 30, 3) (40, 34, 6) 
Queue 4: (36, 30, 1) (11, 34, 2) (38, 35, 3) 
Queue 5: (39, 26, 2) (14, 34, 2) (8, 36, 3) 
--------------------------------------------------
Time 37
Waiting clients: (5, 39, 4) (47, 39, 6) (43, 40, 2) (48, 40, 3) 
Queue 1: (32, 31, 2) (31, 34, 6) 
Queue 2: (16, 32, 4) (28, 36, 7) 
Queue 3: (18, 30, 2) (40, 34, 6) 
Queue 4: (11, 34, 2) (38, 35, 3) (50, 37, 3) 
Queue 5: (39, 26, 1) (14, 34, 2) (8, 36, 3) 
--------------------------------------------------
Time 38
Waiting clients: (5, 39, 4) (47, 39, 6) (43, 40, 2) (48, 40, 3) 
Queue 1: (32, 31, 1) (31, 34, 6) 
Queue 2: (16, 32, 3) (28, 36, 7) 
Queue 3: (18, 30, 1) (40, 34, 6) 
Queue 4: (11, 34, 1) (38, 35, 3) (50, 37, 3) 
Queue 5: (14, 34, 2) (8, 36, 3) 
--------------------------------------------------
Time 39
Waiting clients: (43, 40, 2) (48, 40, 3) 
Queue 1: (31, 34, 6) (47, 39, 6) 
Queue 2: (16, 32, 2) (28, 36, 7) 
Queue 3: (40, 34, 6) 
Queue 4: (38, 35, 3) (50, 37, 3) 
Queue 5: (14, 34, 1) (8, 36, 3) (5, 39, 4) 
--------------------------------------------------
Time 40
Waiting clients: 
Queue 1: (31, 34, 5) (47, 39, 6) 
Queue 2: (16, 32, 1) (28, 36, 7) 
Queue 3: (40, 34, 5) (43, 40, 2) 
Queue 4: (38, 35, 2) (50, 37, 3) (48, 40, 3) 
Queue 5: (8, 36, 3) (5, 39, 4) 
--------------------------------------------------
Time 41
Waiting clients: 
Queue 1: (31, 34, 4) (47, 39, 6) 
Queue 2: (28, 36, 7) 
Queue 3: (40, 34, 4) (43, 40, 2) 
Queue 4: (38, 35, 1) (50, 37, 3) (48, 40, 3) 
Queue 5: (8, 36, 1) (5, 39, 4) 
--------------------------------------------------
Time 42
Waiting clients: 
Queue 1: (31, 34, 3) (47, 39, 6) 
Queue 2: (28, 36, 6) 
Queue 3: (40, 34, 3) (43, 40, 2) 
Queue 4: (50, 37, 2) (48, 40, 3) 
Queue 5: (5, 39, 4) 
--------------------------------------------------
Time 43
Waiting clients: 
Queue 1: (31, 34, 2) (47, 39, 6) 
Queue 2: (28, 36, 5) 
Queue 3: (40, 34, 2) (43, 40, 2) 
Queue 4: (50, 37, 1) (48, 40, 3) 
Queue 5: (5, 39, 3) 
--------------------------------------------------
Time 44
Waiting clients: 
Queue 1: (31, 34, 1) (47, 39, 6) 
Queue 2: (28, 36, 4) 
Queue 3: (40, 34, 1) (43, 40, 2) 
Queue 4: (48, 40, 3) 
Queue 5: (5, 39, 2) 
--------------------------------------------------
Time 45
Waiting clients: 
Queue 1: (47, 39, 6) 
Queue 2: (28, 36, 3) 
Queue 3: (43, 40, 2) 
Queue 4: (48, 40, 2) 
Queue 5: (5, 39, 1) 
--------------------------------------------------
Time 46
Waiting clients: 
Queue 1: (47, 39, 5) 
Queue 2: (28, 36, 2) 
Queue 3: (43, 40, 1) 
Queue 4: (48, 40, 1) 
Queue 5: closed
--------------------------------------------------
Time 47
Waiting clients: 
Queue 1: (47, 39, 4) 
Queue 2: (28, 36, 1) 
Queue 3: closed
Queue 4: closed
Queue 5: closed
--------------------------------------------------
Time 48
Waiting clients: 
Queue 1: (47, 39, 3) 
Queue 2: closed
Queue 3: closed
Queue 4: closed
Queue 5: closed
--------------------------------------------------
Time 49
Waiting clients: 
Queue 1: (47, 39, 2) 
Queue 2: closed
Queue 3: closed
Queue 4: closed
Queue 5: closed
--------------------------------------------------
Time 50
Waiting clients: 
Queue 1: (47, 39, 1) 
Queue 2: closed
Queue 3: closed
Queue 4: closed
Queue 5: closed
--------------------------------------------------
Time 51
Waiting clients: 
Queue 1: closed
Queue 2: closed
Queue 3: closed
Queue 4: closed
Queue 5: closed
--------------------------------------------------

--- SIMULATION FINISHED ---
Average waiting time: 3.00
Average service time: 4.18
Peak hour: 26 (with 13 clients in queues)
